115
105
104
111
120
119
105
119
122
112
97
115
99
108
116
119
112
104
112
102
115
112
116
98
116
117
103
106
116
98
102
106
109
101
122
111
122
111
107
113
103
121
97
101
117
106
115
105
120
105
118
115
116
119
97
111
115
104
104
103
103
102
99
98
115
115
118
97
100
109
110
101
109
118
113
108
117
110
109
115
100
97
112
116
118
110
105
113
101
113
116
99
106
120
104
111
105
111
98
111
118
102
108
98
107
99
99
99
99
100
102
121
117
108
105
117
117
122
105
106
122
99
110
120
104
114
101
103
112
111
111
106
114
114
98
118
120
118
114
109
101
113
111
107
101
121
98
98
100
109
97
116
122
105
104
104
122
110
110
103
113
100
115
118
105
102
116
119
109
109
117
101
105
103
103
105
122
108
121
99
115
113
108
107
102
117
112
109
109
103
103
109
103
121
106
120
99
105
108
