112.5,313.3
-79.3,399.7
114.2,189.9
190.3,227.0
92.3,259.0
56.7,146.9
89.4,161.0
102.8,391.9
-87.5,492.2
321.1,334.1
208.3,255.5
65.4,472.5
271.1,421.9
4.4,392.9
107.5,456.3
-1.7,338.4
110.2,356.0
67.9,353.6
125.7,289.4
78.1,391.8
209.2,473.9
148.6,373.8
170.3,562.7
120.3,227.9
155.9,126.2
92.9,174.3
172.6,376.4
10.0,369.5
189.9,250.5
258.0,349.9
28.3,312.0
131.0,75.5
111.3,384.9
290.2,382.3
162.7,178.4
212.6,215.9
282.5,167.6
-76.9,408.8
102.0,231.2
193.9,298.2
307.2,504.9
14.9,175.3
57.8,175.2
292.8,426.1
158.2,509.9
63.6,286.6
320.7,308.1
206.4,429.5
172.5,249.4
182.0,328.1
66.8,328.7
61.2,167.5
7.6,299.3
179.3,409.7
205.5,392.3
194.1,358.1
250.6,417.4
167.8,373.9
-35.6,260.6
217.6,465.2
126.7,365.8
253.7,290.4
153.3,289.4
110.4,96.1
178.7,356.2
210.1,253.0
142.5,334.5
84.2,456.3
186.2,348.0
289.3,311.4
131.7,261.4
177.4,395.9
141.7,460.3
203.4,281.1
219.0,399.4
232.0,78.0
101.1,201.2
-2.6,347.4
164.6,331.7
-16.1,117.9
134.8,284.6
94.0,397.0
267.1,423.5
124.0,530.1
269.8,304.0
168.7,300.6
28.2,272.9
263.8,199.5
2.9,300.5
173.9,385.4
293.6,384.7
217.1,489.3
-86.7,313.6
153.1,449.7
83.5,240.7
371.9,690.2
-70.4,208.7
47.3,283.1
278.8,392.9
351.2,183.2
110.3,398.0
183.2,244.2
108.3,371.4
359.7,310.3
87.8,213.4
76.7,302.6
162.7,177.5
-69.7,286.4
149.4,104.4
243.9,293.8
177.3,342.0
-113.1,433.5
55.7,460.3
192.7,429.9
133.0,265.6
11.4,228.0
21.1,309.4
197.0,424.9
26.9,134.5
347.1,450.4
146.5,269.3
7.9,355.4
39.1,334.0
168.9,371.9
309.2,447.3
7.0,306.4
180.7,351.6
63.1,309.4
252.4,287.2
224.8,81.4
142.9,397.8
254.5,317.8
85.6,359.6
254.5,318.0
81.5,187.6
71.7,313.1
-30.7,348.3
78.0,442.0
103.5,333.5
113.3,339.9
228.4,333.5
240.1,319.2
233.7,357.4
20.5,291.2
-9.3,336.0
110.2,192.8
281.3,375.4
191.2,125.9
110.1,197.2
46.5,449.4
-38.8,309.1
109.9,249.6
269.5,444.9
214.1,370.4
54.0,191.9
99.5,414.5
302.2,384.5
218.7,483.4
16.4,359.5
183.8,312.9
249.9,277.4
268.4,144.2
6.2,443.8
308.5,437.3
286.0,316.5
157.7,426.1
56.9,427.0
76.3,381.2
277.0,512.7
85.6,405.4
80.0,183.1
120.4,536.4
-38.0,281.2
146.1,499.9
35.5,324.2
233.3,100.1
82.3,215.7
220.5,316.7
87.5,399.9
199.6,384.4
7.0,361.4
148.0,217.3
151.4,305.8
167.3,268.7
88.1,340.4
77.3,277.8
-55.0,505.8
238.4,205.8
25.4,412.9
48.0,64.4
142.7,289.1
331.2,459.8
279.9,395.0
90.0,343.0
109.1,362.7
124.0,284.1
183.4,316.6
157.1,232.7
150.7,226.3
197.4,552.9
93.8,400.6
115.5,384.0
169.5,241.0
197.4,443.5
332.0,343.2
140.7,338.6
334.9,310.4
99.1,419.8
92.5,297.6
39.8,261.0
53.1,321.9
159.7,225.9
236.6,402.4
144.5,382.2
230.7,373.4
84.6,402.6
218.6,283.8
243.2,239.5
34.8,218.9
190.0,397.5
278.5,114.8
167.5,545.3
237.9,223.8
138.1,288.9
432.7,208.8
166.1,298.9
216.4,410.3
135.8,234.9
103.0,317.1
55.1,376.4
264.6,98.0
64.9,259.2
172.6,272.3
74.4,323.9
-31.6,475.3
6.6,414.7
-71.1,593.9
200.3,210.7
180.8,393.5
105.7,168.2
-49.9,310.1
158.7,459.7
119.4,344.8
392.0,318.2
185.1,190.6
151.9,376.2
248.5,202.3
186.0,239.8
-38.1,290.7
-13.3,215.6
125.9,171.0
421.7,225.9
143.9,393.3
150.8,410.4
324.5,290.0
130.3,247.3
362.9,279.5
161.4,318.6
276.4,349.0
306.0,466.8
270.8,286.3
88.2,315.1
180.5,196.2
71.5,268.6
255.2,458.7
85.4,259.0
14.7,235.4
109.1,432.5
175.2,263.1
130.8,252.2
346.5,292.4
88.2,465.2
146.4,262.3
261.6,299.3
142.7,466.5
309.3,493.2
140.4,347.4
132.3,459.1
178.6,377.0
245.7,292.5
198.6,504.6
208.3,419.7
66.5,307.5
-155.6,331.4
177.4,335.8
90.8,199.2
99.2,215.8
204.4,348.2
59.8,294.6
21.6,342.6
144.6,234.5
-33.7,308.4
166.0,505.3
89.2,283.3
42.8,428.0
328.3,352.7
139.6,537.0
291.6,291.6
186.4,326.8
-29.6,290.0
-32.7,332.1
100.0,401.7
117.7,260.9
185.6,379.2
27.2,332.6
31.2,206.6
158.1,322.0
122.3,282.3
358.3,488.2
13.9,292.7
177.1,247.8
243.3,255.5
169.1,535.3
180.7,354.8
-36.0,329.9
256.6,291.9
142.6,430.9
164.1,588.1
50.4,272.7
215.3,383.2
238.2,283.4
328.4,378.7
142.4,366.3
184.9,114.1
13.9,382.3
152.1,464.9
114.3,306.7
0.1,325.4
73.9,193.0
244.5,165.5
402.5,363.8
109.5,334.0
224.2,397.2
217.1,385.5
230.6,479.6
-115.0,404.9
158.9,139.6
153.2,421.3
86.9,223.1
212.3,209.0
181.9,322.5
72.8,356.6
-41.3,340.6
121.5,239.3
80.1,215.4
55.3,366.7
84.9,192.0
94.9,438.9
119.5,407.9
170.8,267.1
237.4,368.3
107.3,171.5
307.4,251.6
216.3,414.4
114.4,386.9
153.0,271.4
186.6,507.3
161.3,178.5
167.5,356.5
405.5,198.7
74.3,361.0
152.0,253.0
-86.6,475.0
169.1,346.1
63.7,395.1
203.0,398.3
201.1,314.3
-55.5,180.6
92.9,236.9
212.9,314.2
119.5,241.2
85.7,376.6
103.0,261.2
189.4,296.6
78.3,316.4
1.7,460.0
32.7,373.2
63.6,293.4
343.0,319.4
-18.1,212.2
6.4,446.1
118.1,226.0
94.0,350.2
63.9,430.3
138.2,213.0
93.8,327.0
223.5,217.4
207.6,332.0
408.7,433.6
261.9,230.7
74.4,271.7
253.6,468.7
-35.5,265.0
212.9,266.6
10.1,271.8
250.5,297.9
235.2,267.3
203.5,273.9
158.3,246.6
124.7,235.5
99.9,324.8
185.4,286.6
72.9,317.0
256.8,220.2
12.1,217.5
214.9,335.5
146.2,506.0
90.6,287.7
147.4,421.3
204.3,198.2
278.9,427.2
124.4,269.5
136.1,430.8
371.8,317.1
206.3,310.7
137.6,407.1
203.8,98.3
25.5,497.9
-15.6,350.4
81.8,340.6
150.9,279.3
47.0,361.1
146.6,172.3
64.4,313.8
102.8,464.3
123.8,293.9
77.7,390.0
-20.4,370.7
194.3,261.1
153.3,321.9
200.7,298.2
96.0,321.3
121.3,170.7
47.4,446.3
139.1,375.8
76.2,378.9
220.9,175.7
193.7,246.9
69.4,283.8
262.1,377.3
134.9,601.2
230.1,196.6
321.6,501.1
192.3,385.6
101.4,257.9
237.3,272.6
306.0,317.6
155.9,304.4
45.9,358.5
115.6,159.7
190.8,393.7
-59.1,302.6
20.1,310.5
71.6,247.3
21.9,166.0
112.6,444.0
125.5,443.2
264.9,274.5
285.8,513.7
215.8,320.2
140.5,144.1
92.7,379.3
244.3,213.9
459.5,342.3
58.9,212.9
191.2,274.4
205.5,217.3
242.7,246.7
139.5,265.7
225.3,185.1
246.1,249.2
136.4,371.1
-0.2,409.7
167.6,224.6
127.0,566.4
166.8,504.2
82.7,331.6
103.1,305.6
-34.4,308.5
99.6,428.3
144.8,157.3
11.8,270.4
256.3,265.6
80.2,394.3
81.7,357.9
119.1,296.2
148.0,385.1
163.0,261.1
106.1,338.5
411.6,419.3
109.7,396.0
206.9,218.1
214.5,292.8
177.5,330.6
35.7,276.3
238.1,440.2
75.3,474.8
29.3,413.8
313.7,80.7
115.3,293.6
