6.22 5.8 4.02
1.96 8.5 4.4 6.74 1.05 2.88 0.19 7.15 0.17 9.62
9.33 5.75 2.59 7.84 0.57 7.82 4.5 0.27 8.48 7.24
3.47 5.35 5.23 1.02 3.72
4.49 5.58 0.01 3.28 5.44
9.16 6.06 3.5 7.49 6.38 6.18 2.65 4.96
3.32 6.94 5.55 7.99 2.79 6.45 0.34 6.42 5.49 6.87 1.12 7.35 6.28 2.25 0.78
9.83 6.35 4.05 0.1 4.33 9.13 5.67 6.17 5.68 3.29 9.72 5.9 1.92 2.78 4.79 5.49 2.43 4.48 4.41 5.92
4.83 6.68 5.0 9.93 10.0 5.71 8.94 8.54 1.74 5.75 0.7 2.39 1.47 7.18 4.04 9.5 4.92 7.41 3.81 8.88 6.54 4.64 2.85 4.48 6.65 3.14 2.49 9.08 0.47 2.81 9.27 2.29 7.7 7.1 9.7 2.9 7.17 4.23 3.96 3.55 1.8 0.09 3.66 3.07 2.31 8.7 7.22 0.44 5.56 5.56
4.17 3.89 0.24 2.0 5.68 8.68 3.37 7.18 6.24 3.99 5.39 7.0 8.86 4.08 4.92 9.49 3.18 8.16 0.77 6.61 3.41 9.27 3.9 5.1 1.28 1.09 1.98 6.37 6.84 8.51 2.54 6.56 1.31 2.87 2.92 4.92 0.17 3.56 7.7 3.57 3.55 8.93 5.14 6.51 2.12 2.88 2.76 7.98 4.47 4.7 4.56 3.34 0.26 8.43 8.48 7.75 4.05 1.07 8.14 2.3 5.28 6.46 0.24 7.01 5.27 1.71 7.94 2.32 6.54 0.7 4.93 6.68 9.75 8.08 2.16 0.49 1.19 6.19 2.55 9.41 5.2 0.41 3.9 5.54 2.27 3.85 5.72 2.14 6.99 8.2 4.5 1.9 3.34 9.91 9.0 6.36 4.98 5.32 1.61 8.26
